-9.999900000000000000e+04
-1.726508011770732628e+04
-1.424684800053846629e+04
-1.299913550010973267e+04
-1.400648925394169055e+04
-8.996656016314977023e+03
-1.414933717466208327e+04
-1.308261754885951996e+04
-1.308939402283324125e+04
-1.322607752134812108e+04
-6.797226606718337280e+03
-1.039702617245852161e+04
-6.855179758170304012e+03
-1.114185352682688972e+04
-1.232357804833251066e+04
-1.502340980918255445e+04
-1.419009244413356646e+04
-1.271575903516370454e+04
-1.373062997451945921e+04
-1.204697352940643941e+04
-1.146162218347808084e+04
-9.020809510280352697e+03
-1.240201117102044554e+04
-1.516627631481736898e+04
-1.246710598405816927e+04
-1.192631356709657121e+04
-7.822383277523423203e+03
-1.231886803436615082e+04
-1.396064547198157379e+04
-8.658020274854130548e+03
-7.437216471919825381e+03
-8.868483606556612358e+03
-1.067017354799021268e+04
-1.070673805843522496e+04
-5.609930314021133199e+03
-3.007192891673055328e+03
-1.342355936183205813e+03
-1.232794712142711614e+04
-1.466420217934292396e+03
-1.573402061909706390e+04
-1.644124583690091822e+04
-1.262401068745910197e+04
-1.300189457822104487e+04
-1.266501486355777342e+04
-7.977508275353194222e+03
-1.662585398028068084e+04
-1.119592317091738551e+04
-7.216850621387482533e+03
-1.513153282513780141e+04
-2.803630007604816456e+03
-1.509676905525482471e+04
-5.409538072141824159e+03
-1.069010747587396054e+03
-7.700813573852263289e+03
-3.712629977684196660e+02
-3.419617362319452241e+03
-2.434855554397597075e+02
-4.307762354147515680e+02
-1.988363420352879132e+02
-1.009378750672256501e+04
-6.467926120522622114e+03
-7.742074024926598213e+03
-7.435623007864542160e+03
-1.576232248760175935e+03
-2.507087646661728741e+03
-1.166505188818324677e+04
-1.267741767284830757e+03
-1.883826524595027877e+03
-1.181981036204275597e+03
-7.899452929602338372e+03
-1.212624133973286735e+04
-1.076639064404743749e+03
-9.374609973129752689e+03
-1.183880197151629181e+04
-6.295908468736241957e+03
-9.589268602231459226e+03
-6.896610739920376545e+03
-6.395497114440267069e+03
-8.141402697254207851e+03
-2.433722456258315560e+03
-1.361123322533189457e+04
-4.232048565801775112e+03
-4.558834782136760623e+03
-1.008402466055766126e+04
-4.934245011985413839e+03
-8.987767337207740184e+02
-8.134416284832088422e+03
-1.204615253783845674e+03
-8.164060729074554956e+02
-1.057452279208102846e+04
-3.929422378133891470e+03
-1.215509537741734221e+03
-6.564915401699461654e+03
-4.680960558096779096e+03
-1.028182026288138104e+03
-9.031759926814975188e+03
-7.892353329280503203e+03
-4.101360841637871090e+03
-4.949841345171758803e+03
-2.528043424368683191e+03
-2.274360762257460010e+03
-2.099648086706079539e+03
-1.036953757961740121e+04
-2.220211169420892929e+03
-1.363129055641671812e+03
-9.569160328592968654e+03
-4.723398579461908412e+03
-6.206372729897240788e+03
-2.961803237580803852e+03
-3.253964689194690436e+02
-4.615411037661999671e+02
-9.075369000155158574e+03
-4.396945144082574757e+02
-8.202072677001464399e+03
-7.646523292295453757e+03
-9.115690348632084351e+03
-4.084556497051780752e+03
-6.128861198354829867e+03
-1.086152276005288695e+04
-7.499222678821789486e+03
-8.494168613212585115e+03
-5.656967120672482451e+03
-9.884757540813088781e+03
-8.320564420642182085e+03
-9.547382999250082776e+02
-4.830067989447723448e+03
-5.504579025635797734e+03
-6.627155312586599393e+03
-1.015038030901802631e+04
-6.838146118835327343e+02
-7.072372884852725292e+02
-1.347026944417240702e+04
-8.668111687211769095e+03
-1.173828447398310800e+03
-6.238126075058577271e+02
-1.387165735266203046e+04
-9.252604444471433453e+03
-4.599020884377655420e+03
-7.269913123502202325e+03
-1.519279484924986718e+03
-1.495433913988129643e+04
-9.686166342467193317e+03
-7.845999008866229815e+03
-7.801931533805368417e+03
-6.682955957244147612e+03
-1.055294227574625802e+04
-1.187557876522314291e+04
-1.039927834018438625e+04
-1.085949424568608447e+04
-4.101209383123758130e+02
-2.905980794794777466e+03
-2.597449298727680343e+03
-6.044026137073969039e+03
-8.022995669897970402e+03
-4.641279876259685807e+03
-7.104455178135480310e+03
-7.516401792908832249e+03
-8.152889895564690960e+03
-7.850214991663143337e+03
-9.051967774737760919e+03
-5.448692493927750547e+03
-5.012812085445346383e+03
-9.098049795101223935e+03
-6.672324187514150253e+02
-1.770250639566460222e+02
-8.070965105314275206e+03
-7.429968777704259082e+03
-7.797884109122949667e+03
-7.465765395586809063e+02
-1.005188831281556122e+04
-1.503553114569157697e+04
-3.057202507459791832e+03
-1.124826872177224868e+04
-4.413052105173554992e+03
-2.319583961163247750e+03
-5.768459274114085247e+02
-3.507111183768293813e+03
-8.170670891152074546e+03
-7.942425140299990744e+03
-6.309854541791179145e+03
-7.878076067740280450e+03
-7.089000636999778180e+03
-1.299926852326438529e+04
-1.513829590175831072e+04
-3.234464477841924236e+03
-2.829310195731696240e+03
-1.192186916579411991e+04
-8.830477555936147382e+02
-4.065514974719365910e+03
-3.234984114288243745e+03
-1.514803079274762922e+03
-5.827439480403774724e+03
-8.433657857778021935e+03
-8.981712663812111714e+03
-5.791493582934373080e+03
-2.530824669036548130e+03
-1.028485744061926562e+04
-1.204484235513457679e+04
-2.536980466922210326e+03
-5.779445441418951305e+03
-8.605941539775041747e+03
-1.770122057475095744e+03
-2.701816944089816388e+03
-1.124686981166837541e+04
-1.399540504153204893e+04
-9.362408816427452621e+03
-8.495545351480643149e+03
-5.663938960949119974e+03
-7.885860715697738669e+03
-1.055683071966842590e+03
-8.304121564540120744e+03
-1.229801505180623099e+04
-7.707363663753410037e+03
-5.813676852235904335e+03
-8.961059807350891333e+02
-1.285564266779470245e+03
-1.113976437878084835e+04
-1.892757979824587437e+03
-1.100275017239675799e+04
-8.327116284744804943e+03
-1.573520995652247166e+03
-7.701819969781201507e+03
-1.290277230798697929e+04
-6.111255604184707408e+03
-1.660612490632691788e+03
-1.438462607733061304e+03
-1.754320093489395049e+03
-1.650844158906007578e+03
-6.170568867317697368e+03
-1.701858751186340896e+03
-9.567931189701463381e+02
-9.471082263546488321e+03
-5.868593074548406548e+03
-3.602805639691256602e+03
-6.498063685028389045e+03
-9.064256664884627753e+03
-8.354809387238472482e+03
-1.510245103550705790e+04
-3.946788570490338316e+03
-7.043446750666416847e+03
-1.464919918656092932e+03
-3.716679681311069089e+03
-2.517434894437963067e+03
-4.468775361777650687e+03
-5.243505388673691414e+03
-4.304049077839430538e+03
-3.166814629559537934e+03
-6.134342852215593666e+03
-1.207168751106581658e+04
-2.054275766751443371e+03
-6.358564686839033129e+03
-7.450399710795826650e+03
-5.014326882867687345e+03
-3.123225507834853488e+03
-3.611879993411484065e+03
-2.704669429065290387e+03
-2.419505522783728793e+03
-5.777765305455903217e+03
-2.930151543792400389e+03
-1.729502216514754764e+03
-9.836516728997594328e+02
-1.085245333559946403e+03
-5.031757667346373637e+02
-5.716365435986993361e+03
-3.271843127273494247e+03
-2.736268526621721321e+03
-7.610114664586715662e+03
-2.062220648015229017e+03
-1.048378284918563168e+03
-4.152853439269895262e+02
-3.310744363663815875e+03
-1.311231054824924104e+04
-3.560586473557363206e+03
-2.862234457770907738e+03
-2.626350593147303243e+03
-1.468179928558966367e+03
-1.374057653403451013e+03
-1.621490788606267188e+03
-3.448833992589806257e+03
-4.221951826275825624e+03
-1.018194386708297088e+03
-1.315861731118911621e+03
-1.593162005435774063e+03
-5.196103649166352625e+03
-7.386562392468952112e+02
-2.125625186546672012e+03
-3.326734164547962337e+03
-1.166972176566224107e+03
-1.948504483871372940e+03
-1.374592802894383567e+03
-1.023242103939483241e+04
-2.666375892326866506e+03
-1.553132769589579766e+03
-1.258207657653679234e+03
-1.031152611488667844e+03
-3.028246204164965093e+03
-1.295208922106123100e+04
-2.080650302346649369e+03
-7.492547402891295860e+02
-1.572098593403630275e+03
-1.066491005210187723e+03
-5.538868666122672039e+03
-2.827407682263968127e+03
-4.081015992860128790e+03
-2.205356381113575026e+03
-1.813079897698806008e+03
-2.514428682816162109e+03
-3.583236229507718690e+03
-1.330312505259892760e+03
-2.077051594847011529e+03
-1.429066876727966155e+04
-4.308386366598680979e+03
-1.265515830000723508e+04
-3.589521437064287511e+03
-2.666949381823308158e+03
-5.104907503822126273e+03
-4.065902920812294724e+03
-1.808718329821625957e+03
-2.805337019432482066e+03
-1.181298415479976711e+03
-3.750103092894568363e+03
-1.993541221089244118e+03
-2.438294366795701990e+03
-1.915512234113394243e+03
-2.240191322847789252e+03
-2.433301453324436807e+03
-2.224738993895005478e+03
-1.715543518364235297e+03
-3.232608542134640629e+03
-1.004838581700341138e+03
-4.601255689062205420e+03
-1.146337750702452922e+03
-1.278741203757702124e+03
-6.141472732446523878e+03
-1.337053509191873445e+03
-2.033541279169465270e+03
-6.878367108068528069e+03
-1.327920299423059259e+04
-1.428260839063587810e+03
-1.500053270530321470e+03
-1.542659536736595555e+03
-2.374652622941070149e+03
-2.194810041818242553e+03
-1.109645760840532603e+04
-1.090268849713371992e+03
-1.512805488010688578e+03
-3.048155466630971659e+03
-1.329917978626817103e+03
-1.852663271080632285e+03
-1.898836644036308144e+03
-2.433178528351444584e+03
-1.691482344563113656e+03
-2.836343607411667108e+03
-6.474628623377460599e+02
-2.185379947251492467e+03
-1.489690075712952967e+04
-2.190072838996769860e+03
-8.704656419561807752e+02
-2.628418511528559520e+03
-3.415201808578141936e+03
-1.290506459107726641e+03
-2.095576239107836955e+03
-1.438670480897138304e+03
-2.721862770060367438e+03
-2.124593010021970258e+03
-9.873556685104560984e+02
-1.210549361298056829e+04
-9.078841666426592383e+02
-2.034737314007681789e+03
-1.316598842703982154e+04
-1.230539425528912579e+04
-7.266917920202649839e+03
-1.274848956544474504e+03
-5.097258020572921851e+03
-1.013899759829527102e+04
-3.395913458779228222e+03
-9.214273721460107481e+03
-3.919713029003665724e+03
-8.211867200082519048e+03
-6.896213591871293829e+03
-8.327037645777285434e+03
-6.302069747293026012e+03
-4.442570011375981267e+03
-4.406069052100626322e+03
-5.742098350853303600e+03
-1.247986774203131290e+03
-3.016238993790334462e+03
-6.718666570046752895e+03
-9.182859463176778263e+02
-2.521027939277779296e+03
-1.372770957095805670e+03
-3.267754829370487641e+03
-3.497539250022155557e+03
-2.796156302035726640e+03
-3.342682523303476955e+03
-3.507703243157621273e+03
-3.889669429271125409e+03
-4.362202429533818759e+03
-4.986604444019601942e+03
-3.872437100405907131e+03
-3.610505648353025208e+03
-2.141155336070551584e+03
-5.328938369443596457e+03
-1.895299853249914008e+02
-9.879950951113966084e+02
-1.276405448515690978e+03
-1.426250821869257834e+03
-3.615603147900884323e+03
-4.554608006781368204e+03
-5.742003046904914072e+02
-1.492165964411328332e+03
-2.623533263234441165e+03
-5.796665414380090624e+02
-6.386503541010067693e+02
-3.698234892295968166e+03
-2.547025667825592336e+03
-2.851150064777540592e+03
-6.927953703267755827e+02
-7.228482882885256004e+03
-4.500072367160227259e+03
-9.979551346805191088e+02
-2.073017414746390386e+03
-1.211276571150144491e+03
-3.335672309823634350e+03
-4.841929870156230209e+03
-1.108431239064161218e+03
-7.641349665178667010e+02
-1.804071722677574030e+02
-8.729655778194248796e+02
-2.427383918811174226e+03
-8.379160715932102903e+02
-8.151567264189043271e+02
-4.485633131089658718e+02
-6.831125765963181493e+02
-1.154552558680593393e+03
-2.488472754174826150e+03
-2.324710206205085342e+03
-7.879913065002700705e+02
-4.275977314761826165e+02
-1.237255966664937006e+02
-8.343597774623809755e+02
-9.210271913647532074e+02
-4.547040836200801095e+03
-1.586160302168855196e+03
-1.567175558349150151e+03
-1.142081886862852116e+03
-1.629758932893347946e+03
-9.203579392381123398e+03
-8.360588379812529070e+01
-4.176197861594956521e+03
-2.279265896697532753e+03
-1.075113072682349156e+02
-8.781420126548191263e+01
-3.300175296513443755e+03
-1.119783665799855498e+03
-8.623785928770448663e+02
-2.783465537053417393e+03
-1.390846293743455817e+03
-2.294735681699182805e+02
-1.352203740896065483e+03
-1.248176917769141937e+03
-8.267332735598483850e+03
-6.039821707211726789e+02
-3.547745421261973661e+03
-1.295632445778688179e+03
-8.972410135284960120e+01
-4.741253899653008261e+02
-1.964584847553989448e+03
-1.689740497870177933e+03
-6.158036641322547439e+03
-4.870354114314341132e+02
-5.593166213551371584e+03
-9.769167203747179883e+03
-5.511323722152717437e+02
-3.931032913755220306e+03
-1.033344328435973512e+04
-1.386358302181380168e+04
-4.115471404821697092e+02
-8.951452221723255889e+02
-3.078786256997818327e+03
-4.358147321446829665e+03
-6.058309360079376347e+03
-9.393741425288642404e+02
-1.312601294538248476e+04
-1.295855028188334700e+03
-2.722427483041084088e+03
-1.069916195970707486e+04
-1.654196456976278796e+03
-7.376144064578052166e+02
-8.750032920485475188e+03
-3.952381340455382997e+03
-7.306534801644297659e+03
-1.766550918402960815e+04
-4.353035294536823017e+02
-1.671526852499965798e+03
-3.675237663661142051e+03
-2.102673522863622111e+03
-2.141253883750914611e+02
-1.960964385162392318e+03
-9.920306197566602577e+02
-1.040883694277236373e+03
-2.429344298879426060e+04
-1.112805902134287805e+02
-2.885512932887367697e+03
-1.818014094694342930e+04
-1.100396109518552475e+04
-1.127863637285985169e+04
-1.476508418232284748e+04
-1.411844699320313521e+04
-1.564192469989925848e+04
-1.958557139948920394e+03
-3.926846219458471751e+03
-5.265401074250853526e+03
-1.652837762100437976e+04
-1.391330845755666451e+04
-1.353817909037752906e+04
-1.452942174006371897e+04
-7.050325517352222960e+03
-1.421103061851593111e+03
-1.239206428317179416e+04
-1.112673204722648552e+04
-1.128072584278246541e+04
-7.458621472920563974e+03
-4.995074196745119934e+02
-1.737396955147973495e+04
-8.449480426237316351e+03
-4.627631697936598130e+02
-3.938688453103085976e+03
-4.758786864316903120e+03
-3.151915698313234316e+04
-1.627920674723842058e+04
-1.878051278630155139e+04
-1.682722590938220674e+04
-1.596521595585374234e+04
-1.561017955983691172e+04
-1.370970018469492788e+04
-1.473795739814105764e+04
-1.663834623479693255e+04
-1.665922207073583559e+04
-1.548457092118345463e+04
-1.341105973010856906e+04
-1.405455006630222670e+04
-1.440738781825856859e+04
-8.882919651145348325e+02
-1.314896596344467616e+04
-1.260360922703051256e+04
-1.083328290790522078e+04
-1.082396525385180576e+04
-6.837757015535534038e+02
-1.315294580811648484e+04
-7.311792171884501386e+02
-1.021618666416977248e+04
-1.325924256715302909e+04
-1.319937241953833109e+04
-1.213435631430895046e+04
-1.331901522501614818e+04
-1.319945519054083343e+04
-5.461827739825649815e+02
-1.216058775608149153e+04
-8.741443849925879476e+03
-1.166094272191257915e+04
-4.357754932271673169e+02
-1.380130510330337711e+04
-1.733374184696937664e+04
-1.720790227787169351e+04
-1.678259874312814281e+04
-1.157842797333932504e+04
-1.118563686263549062e+04
-1.419901449399501689e+04
-3.881846268891292311e+03
-7.401149286628930213e+02
-1.385006839591372409e+04
-1.287625038774762652e+04
-9.672801427785814667e+03
-3.908639229771264581e+03
-9.089501894009088119e+02
-1.054337443457894369e+04
-8.873484374364124960e+03
-1.006185851704193374e+04
-1.192387805409050816e+04
-1.042231473449096484e+04
-8.021600236536825150e+02
-9.316531874132882876e+03
-9.850472060872309157e+03
-9.945278935566513610e+03
-8.315165431714287934e+02
-6.181139607319397328e+03
-1.995115980478283745e+03
-6.562112168761523208e+02
-7.687677290549100917e+01
-2.427471720022362570e+04
-1.910473866454911558e+03
-6.807272570405558326e+03
-4.039226052857874492e+03
-4.196973647745364360e+03
-4.622290724752192546e+02
-1.042693258638323869e+03
-5.255645989157339955e+02
-1.847161519174859450e+03
-1.691284021905075008e+02
-1.487376619850378302e+04
-8.257451475785321691e+02
-9.949327466656023944e+02
-7.309399708194068808e+02
-3.734024603751699374e+02
-5.238503691310548675e+03
-1.101910100113078215e+03
-1.179828518494831997e+03
-2.282229506473144284e+03
-1.535886547815253778e+02
-2.267797040513231082e+02
-1.261388539366423402e+03
-3.092829590931619919e+02
-1.248402027502510464e+03
-1.364695820125041905e+02
-8.997245173300232182e+02
-2.131048832192243026e+03
-4.325557506129151079e+03
-2.194005610601234366e+03
-9.802348426664843828e+02
-1.376176706408076370e+03
-2.719868697898719802e+03
-2.038744732642905774e+03
-1.690137919966927257e+03
-2.067786011514763686e+03
-1.906714447585562084e+03
-2.071249862461952063e+01
-2.465827048641906003e+03
-2.775538823381007774e+02
-1.336126530179488327e+03
-2.687358994288027247e+02
-2.163101617537847687e+03
-2.798543198451920489e+03
-1.675238182216197174e+03
-3.161426320638291259e+02
-3.357763772024052287e+02
-1.979300595483099187e+03
-2.088024153988717444e+02
-2.550869980308694267e+03
-8.785333415362147207e+03
-2.998942407777916742e+03
-1.678973167836584253e+03
-2.499234049625654734e+03
-4.766461273968735100e+02
-1.947142967118897786e+03
-3.784407691257464990e+02
-1.855949575039216370e+03
-4.502334742206496117e+02
-2.198569881587874988e+03
-2.141320443852966037e+03
-4.707420134474381257e+02
-2.337980555516581376e+02
-1.359095154105515121e+03
-4.720182477899399601e+03
-3.275972385556882273e+03
-8.933392266967134674e+02
-5.776491896904530222e+03
-5.160663028296637549e+02
-3.363839875820975521e+03
-3.425812923598377438e+03
-2.446128880863890572e+03
-1.561263678037193586e+03
-2.048458972535776866e+03
-2.847019378806645818e+03
-4.100444699042645880e+02
-2.607976148607328469e+03
-2.816189671519698095e+03
-3.502193030529338671e+02
-1.980229232338836664e+04
-1.237515592816766548e+04
-1.158517383743129540e+04
-4.266750474982200103e+02
-6.456318526318931617e+03
-5.629750841481957650e+03
-9.264738547591720135e+02
-2.689697805954028354e+03
-1.894169294995337168e+03
-8.275834679004066174e+02
-1.999331028862102812e+03
-1.772272330207194273e+03
-1.995536057261485894e+03
-9.195674809805425411e+02
-2.978846442081031910e+03
-8.997657211245658573e+02
-7.953885579833997781e+02
-1.017010691656414338e+03
-2.582377165433033042e+03
-4.419293018297024901e+03
-4.836073540042306377e+03
-9.447712469167593099e+02
-1.468426900723349490e+03
-5.063577168373659333e+03
-3.561876435210671843e+03
-1.186611396808475547e+02
-1.385543566889171052e+04
-8.363557128463646677e+02
-2.353991901650694672e+03
-3.635346077658768081e+03
-7.955045150084256420e+03
-4.942519724682745618e+03
-6.557174434432733960e+02
-8.857340110665570592e+02
-2.608933336234796116e+03
-5.143919965119847802e+03
-7.204664102216203219e+02
-2.984914389803221866e+02
-1.609231692367973892e+03
-3.912276109451414641e+02
-1.395402196350520626e+03
-5.826962324935147990e+02
-6.397580899590100216e+02
-9.606012515180437958e+02
-1.003679361932034953e+04
-2.587363043881251201e+02
-1.299901355160386629e+03
-4.394340810747840465e+02
-6.412461056171810014e+02
-2.610777001659827874e+03
-2.231785722662458738e+03
-5.783875871352015565e+02
-1.230737236413335722e+03
-2.112270281102718855e+03
-7.951428053108635368e+02
-4.801134933478071503e+02
-8.217027611314417754e+02
-4.049550311557859459e+02
-1.656482041791418169e+03
-1.720681007433959167e+03
-2.828356265125265963e+03
-1.052992244650179146e+03
-6.044494640281704960e+02
-1.644201073611364109e+03
-9.468491845761186596e+02
-1.906563046725709683e+03
-3.485955127226646937e+02
-3.974852570517936670e+02
-9.103947705736744638e+02
-2.923385322005479338e+03
-2.129482550085007915e+03
-1.023626152731382717e+03
-4.656646290502564625e+03
-8.714642862701798265e+01
-2.800895395625241690e+03
-2.317331005679690861e+03
-2.756649252540793213e+02
-9.567858160512713539e+02
-8.885429534916777357e+02
-4.192419832529922132e+03
-1.926578574505601637e+03
-9.392371946710133557e+01
-7.022282021698714516e+01
-4.982541157079808727e+02
-4.519146438529159241e+03
-2.947622349035156617e+02
-9.696322548189702673e+01
-1.010366181012910261e+03
-2.106686713288408555e+03
-1.921547607828601372e+02
-9.202353868320726633e+02
-1.271040225240644531e+03
-1.793294686688325328e+03
-2.339304640834670863e+03
-2.388304112551445996e+03
-2.829983151029735495e+02
-8.031282483801878698e+03
-2.099692973041414064e+02
-3.932628740699131527e+02
-7.675094665571323276e+02
-2.881085036891981872e+03
-1.106021952792358860e+02
-1.750592941001167901e+03
-3.423586368822191162e+03
-2.998191799378896576e+03
-2.051310007848574060e+03
-2.423253049596329674e+03
-1.115074962857065657e+03
-3.081629851953827256e+03
-7.579491480835411494e+03
-3.628020281151365907e+03
-1.349770617392094437e+03
-5.552382425863427216e+02
-1.088578020205633493e+03
-2.445481941445983978e+02
-2.869429858478268670e+03
-1.027242793599326433e+03
-1.243085073754020186e+03
-2.297478300502200909e+03
-8.473443802422032604e+03
-1.449346427735680209e+03
-7.568642232089223398e+03
-1.841116310962652960e+03
-2.236339947693449176e+03
-3.742593325737464056e+03
-3.098862063693264190e+03
-8.721533588226519669e+02
-9.658412952214979441e+02
-1.171829301836901095e+03
-4.202367036570956316e+02
-2.829392852495255738e+03
-2.018614720264017251e+03
-6.631641258750514680e+02
-1.535991073558859341e+02
-1.705530434154293516e+03
-2.282238780677614614e+03
-6.131812235316145234e+03
-4.275768167476738199e+03
-5.062936052733969518e+03
-4.363021625745354868e+03
-1.807847613257401463e+03
-2.692641410517118402e+03
-7.371572805578553016e+02
-4.115113677131223085e+03
-7.223341869139188930e+03
-4.631726757156469830e+03
-4.287935743512960471e+03
-2.495395691472423096e+03
-5.377941599486030100e+03
-2.530893498069891848e+03
-5.660981251230503403e+03
-8.615494091930082504e+03
-2.741901168926465289e+02
-5.782771202324110163e+03
-5.552253940106455957e+03
-2.245777544178293283e+03
-3.079478502594449765e+03
-1.618357306084920538e+03
-4.532902140287887960e+03
-3.169978865661048530e+03
-1.947540472232515413e+03
-3.651083809098026904e+02
-6.026112330072129453e+02
-5.721333245326462020e+03
-5.336748687562811938e+03
-7.125920426061305761e+02
-5.275734373532068275e+03
-5.323623941580020983e+03
-1.570094696886567590e+03
-5.652525759936510212e+02
-7.496901588565003294e+03
-4.307831046843281001e+03
-2.099765710765225322e+03
-4.650331204504828747e+03
-3.424348959547638970e+03
-6.368952984511481191e+03
-9.880510876343281780e+03
-4.183269675058522807e+03
-1.187858257798706472e+04
-1.221659358785836775e+04
-1.365784914259117068e+04
-1.269116856982446188e+04
-1.188100163176358546e+04
-8.169318000588827090e+03
-7.150774442074363833e+03
-4.679438548248228471e+03
-3.580092458017959416e+03
-6.061145326402420324e+03
-3.116789359216028060e+03
-3.411134898789161525e+03
-5.632729166329947475e+03
-4.395410023483459554e+03
-8.069242779943882624e+02
-4.089811053576272116e+03
-2.506781352268907540e+03
-1.155895186969955284e+04
-1.031668100606310327e+04
-4.367911307823334937e+03
-2.907111515362145838e+03
-1.050856300181968663e+03
-7.656893548780052697e+03
-1.639128246528076431e+02
-5.614230225510767923e+03
-1.117166585129810983e+03
-4.707178749707074530e+03
-8.774913625004199957e+02
-1.317534747179274973e+03
-2.126120496417467621e+03
-1.601447804749859642e+03
-2.030660999956066917e+03
-1.636172974354709822e+03
-4.529413980065882242e+03
-2.157270095196184229e+03
-1.251082664346537968e+03
-1.096933366344418118e+03
-2.770647412641219489e+03
-1.091971169035782077e+04
-1.824875850748915354e+03
-4.513464634276721881e+03
-3.359508524738436790e+03
-7.688947401249899940e+02
-2.094600928623400705e+03
-4.253022029231457964e+03
-1.113016480521585436e+03
-2.668833853445778914e+03
-6.354881795337780659e+02
-1.375731266330408516e+03
-2.015944711868324475e+03
-2.697373984029886287e+03
-1.988339316356662493e+03
-5.515907571961196254e+02
-2.725209040185666709e+03
-2.853850188241716751e+03
-2.081218619869646318e+03
-6.504234042605126888e+03
-5.203084390007363254e+03
-3.098735350514037691e+03
-6.826499166405598771e+03
-1.286291807039869809e+03
-7.895100600132022919e+03
-1.099178109400594394e+03
-7.644251788628808754e+03
-1.095968021268459552e+03
-8.602520588773257259e+03
-6.993818461931913362e+02
-8.827162431714697959e+03
-8.700738245007272781e+03
-3.149015592237257806e+03
-8.376096478486294927e+02
-8.936822511066994821e+02
-2.465596230279297743e+03
-2.173992495721604428e+03
-3.336040031341069607e+03
-5.828811322754109824e+03
-3.942024258684704819e+03
-1.273591072620345358e+03
-4.316484982620302617e+03
-6.834001658754246819e+03
-5.457846681047758466e+03
-5.025797784190394850e+03
-4.465461555429635155e+03
-6.717424707656759892e+03
-6.037690847692761054e+03
-5.094919601792374124e+03
-2.067524624993423458e+03
-5.892842202339608775e+03
-1.349363603351004940e+03
-2.066925600994747583e+03
-7.883051933925363528e+02
-7.926448673348818375e+02
-6.122967038502526520e+03
-1.586318106624880784e+03
-2.335528325469804713e+03
-9.679050864714041609e+02
-3.418475228067157332e+03
-5.565961307011798453e+02
-1.322535748852172674e+03
-1.451879339524188254e+03
-6.784226501326196512e+02
-4.543819596974386741e+02
-4.214496197946928987e+03
-9.387815026905893774e+02
-6.194885631804033892e+02
-1.438649645745107591e+03
-5.769025117235358948e+02
-1.282125835147711769e+03
-1.804640541986189419e+03
-3.756033390425108792e+03
-1.108183305162627221e+04
-8.305155653978000601e+02
-2.290956264791567264e+03
-7.177557515318525475e+03
-2.594816987142502285e+02
-7.029266692775668162e+03
-8.539570600946341301e+02
-1.403444814140514382e+03
-3.286038897837940567e+03
-2.290072605748029673e+03
-7.839773285022980417e+03
-2.989026355883760061e+03
-3.331380081654210699e+03
-7.232685751847574466e+03
-1.636283938579479354e+03
-5.635051853526362720e+03
-1.696884891801888216e+03
-1.861752078881134594e+03
-1.455135440522552244e+03
-3.705077890754289001e+03
-4.292143534188548983e+03
-6.352274161245637742e+02
-1.214798231716934197e+03
-2.244439330958607286e+02
-1.395014961094696218e+03
-1.918115260920324999e+03
-3.521397825210025076e+03
-8.141561619461604096e+02
-4.065803468851700586e+02
-1.822161555366929406e+03
-1.342059439327059863e+03
-1.605219533961393836e+03
-3.708776952214247103e+03
-3.474097268091217757e+03
-2.033299505989261661e+03
-8.510342179720557851e+02
-3.790818569127267210e+02
-1.008843860506476631e+03
-6.443751639726416442e+02
-9.972384998446649433e+02
-4.748663688857600209e+04
-1.212842525446211766e+04
-3.953917830471899379e+03
-3.816156570849687796e+03
-4.563665069144275549e+03
-4.950458534750120634e+03
-7.343194031434516546e+03
-5.452492793647886174e+03
-4.825721010358186504e+03
-9.385209549638899261e+03
-1.042946854482552226e+04
-9.621599307550493904e+03
-1.046418957699068778e+04
-4.889679431020332231e+03
-3.358938653427449481e+03
-5.913019365320685210e+03
-9.077976262216283430e+03
-7.899405553906797650e+03
-7.896414416615196387e+03
-2.480988890210269801e+03
-1.417739423234562537e+03
-2.475489088503336461e+03
-5.954959178486965357e+02
-2.339446301485093045e+03
-2.418741726483424372e+03
-4.765031370143318782e+03
-6.537601513435667584e+03
-1.613836004809821134e+03
-1.264587911458525724e+02
-3.824704688924032780e+03
-3.994323535299300147e+03
-4.265233066224913273e+03
-4.496328911746589256e+03
-5.364726728026105775e+03
-6.551556387389971860e+03
-6.707531972496953131e+03
-8.221296985683879029e+03
-6.166141175288506929e+03
-8.414692907804233982e+03
-6.259862015604173394e+03
-6.994856289215894321e+03
-7.569426213417331383e+03
-6.939829843308853015e+03
-6.971370992079865573e+03
-6.412677729549882315e+03
-5.707396536557392210e+03
-4.448750610128176959e+02
-8.858977124553091926e+03
-8.153931957525461257e+03
-6.014549674423652732e+02
-5.183142758407668225e+03
-6.051460410027840226e+03
-2.833425177071924281e+03
-2.056525461792904025e+03
-2.236868693148215698e+03
-8.108404485242916962e+03
-8.108858426786845484e+03
-3.377338130812976033e+03
-8.955144123250944176e+03
-4.451362893859464748e+03
-1.349331815568242064e+03
-5.810543706742262202e+02
-7.458863413203304162e+02
-1.435978940498021757e+03
-1.569317746981503660e+03
-8.100732302404611573e+02
-6.905698858998592868e+02
-1.374261318343368839e+04
-1.113453369630777615e+03
-1.393316158962528107e+03
-6.374831575193378512e+02
-2.544438327032725738e+03
-4.552631320581898763e+03
-1.548601475572666686e+03
-2.470729573124279796e+03
-8.200032846960552888e+02
-7.232382106046276249e+02
-2.706612947911631636e+03
-2.274404417805399135e+03
-2.583907507214819361e+03
-1.744272242953332125e+03
-2.545658145445542687e+03
-1.501369668057986473e+03
-2.243948659929174028e+03
-6.888818943872321142e+03
-5.632754458759412046e+03
-4.690711812474178259e+03
-2.639582887563322402e+03
-1.189772900280373960e+03
-1.646981688376782813e+03
-9.614065973381478898e+02
-3.839017113335347403e+03
-2.248743475312548071e+03
-2.846922397372392879e+03
-4.331961547944312770e+03
-1.796774412346678901e+03
-1.382476183919066898e+03
-1.874445671612354317e+03
-1.483411331462845510e+03
-4.176909147029075029e+03
-1.777934488140097301e+03
-6.544677986902261182e+02
-9.018356208961378115e+02
-2.663622926098437347e+03
-3.673476843438405922e+03
-2.616765911196771413e+03
-2.158670902153586212e+03
-1.971951824856012763e+03
-1.792657934289380364e+03
-3.459205561548102651e+03
-3.028599817787814118e+03
-2.164809596794635127e+03
-9.573440422157497096e+02
-1.084606357562684707e+03
-1.246678772823722966e+03
-1.457201865604799423e+03
-1.438176789127799111e+03
-3.135710017046322719e+03
-5.600740766446377847e+02
-1.957118461711731470e+03
-2.923938771112911581e+03
-1.371121967121756597e+03
-4.230499210250072792e+03
-3.105955993028058856e+03
-3.048834074981326012e+03
-1.025830604084589368e+03
-1.995347146082375730e+03
-1.804373739565499818e+03
-3.661136399292720398e+02
-2.960482018962874463e+03
-2.211147547115649104e+03
-4.894132246899695019e+03
-1.760256370806233917e+03
-3.240826114554328683e+02
-3.200532933393418716e+03
-2.803486285130056785e+02
-9.060792350397491646e+02
-1.381452443442559115e+03
-3.173042345606876893e+02
-2.430575012764063558e+03
-5.938434247355376101e+02
-1.762129894279878272e+03
-5.507644346490857288e+02
-7.876285232935961176e+02
-7.290680466343984563e+02
-2.373455820520809539e+03
-9.249445268368917823e+02
-2.016955820364212968e+03
-1.485950908336388693e+03
-1.683241476331432750e+03
-3.223563136677834336e+03
-2.241702900951422635e+03
-1.434913622921932756e+03
-1.439790104267103970e+03
-1.054018760611230164e+03
-2.214770972802912638e+03
-4.023626599563850732e+02
-2.302900031306400706e+03
-1.785318694903710366e+03
-3.425211805650969382e+03
-4.426340990351508481e+03
-2.705380270934528653e+03
-1.992852320536354000e+03
-1.403022248118089237e+03
-2.224483773687798930e+03
-8.066176099694390587e+02
-3.097276304856584375e+03
-2.774966996333120619e+02
-1.742683577247816174e+03
-3.173122897998574445e+03
-2.362042938457442233e+03
-1.225113877456667296e+03
-1.399358899775783357e+03
-2.910821895688651239e+03
-1.688138992317172551e+03
-9.875236516541277751e+02
-1.083303410735955140e+03
-1.889350342626860765e+03
-2.834520055499046521e+03
-8.186256828512690618e+02
-7.507056071762733040e+01
-4.297430914276998010e+03
-3.156956319100483597e+03
-3.481492652254662062e+03
-3.353794032098959178e+03
-7.898745623677085632e+02
-1.532341501899489685e+03
-2.732914678260071923e+02
-3.503780721692602583e+03
-2.174270824602635059e+02
-7.889988402823870501e+02
-3.581368610382928637e+02
-1.237654291175503431e+03
-5.408739189688528313e+03
-2.945952788430417968e+02
-1.624942229838577532e+03
-4.740196189238034208e+02
-4.102222670128606410e+02
-2.274164537752059914e+03
-1.832970809261634713e+03
-3.912620364797377874e+02
-1.697465263582081434e+02
-1.547907075708301591e+03
-5.105948116184237733e+03
-5.860146568560534433e+03
-6.767290928681712785e+02
-5.118522963804277879e+02
-2.619204287562132777e+03
-1.126434488461273531e+03
-2.085179010548260521e+03
-2.055087852565519825e+03
-2.349389561203974608e+03
-2.435292149549793237e+02
-4.887912901061096818e+03
-1.836274902224032246e+02
-3.067988021576545179e+03
-4.999380793166432341e+03
-4.137399671586473232e+03
-1.971754626981375168e+03
-1.731467179507682431e+03
-3.444697017439956653e+03
-1.858631707694921488e+03
-3.175049815260932974e+03
-7.070691200806762708e+02
-3.369835337058228788e+02
-2.545824122294156950e+03
-2.291982867022394430e+02
-2.224520249328184946e+03
-4.265653126303229783e+02
-6.028687131092525533e+02
-2.929094789055432102e+02
-3.408885531113347156e+02
-6.477826580872365412e+03
-3.323310192984587502e+03
-6.604874279357439264e+03
-6.080230686628784724e+02
-7.103533220570231606e+03
-1.827470204699176065e+03
-5.529103260291795777e+03
-3.563520500185113065e+02
-1.751294556633676621e+04
-8.963485711080744295e+03
-9.724394928312680122e+02
-1.086384395688820405e+04
-2.407612899871261561e+03
-1.060050383531297484e+04
-1.286808277764502964e+04
-1.516094683440623839e+03
-9.624132270075702763e+03
-8.107317814779108630e+03
-8.218017556673992658e+03
-1.092346315193699184e+03
-2.125135134306101918e+03
-4.028943776902895479e+03
-3.309142097633542562e+03
-1.434352942655180186e+03
-1.088902432351321295e+04
-1.044590029779906217e+04
-2.681598112856627267e+03
-1.193252760172033504e+03
-3.009705155431399362e+03
-6.678151281628606739e+02
-3.387388854359615380e+03
-3.695395495045236657e+03
-2.363462173213522419e+03
-3.653694465340581701e+03
-5.169661330874213490e+03
-2.885993169891627076e+03
-1.820220133102036698e+03
-1.953349021139615388e+03
-2.734191386612964379e+03
-1.907794327962529223e+03
-2.132545220159953715e+03
-1.457993769096078722e+03
-1.494092017286071496e+03
-5.379148954506882546e+03
-1.542818215569783661e+03
-2.791565131013543578e+03
-7.864514663159999373e+02
-9.285667501468768705e+02
-9.142626439829826268e+03
-2.444802135085819373e+03
-7.324043541130286940e+03
-6.028328140752870468e+02
-3.659649854456560547e+02
-5.838716563457032862e+03
-6.719301322874238167e+02
-1.740563389659468839e+03
-4.658032040855294440e+02
-7.847701135286914678e+02
-9.049498089627066975e+02
-3.424310545543942794e+02
-3.652586642343919266e+03
-2.332672995453524436e+03
-3.993907139037894922e+03
-2.882347847895061932e+03
-7.565767770496504454e+03
-1.713458089069736616e+03
-3.774395410339102909e+03
-3.119382048984929497e+03
-2.058457882268600770e+03
-3.344748958251638669e+03
-2.782714061466599105e+03
-1.937050698582204404e+03
-1.571157806666467877e+03
-3.180718282234589878e+03
-1.264296441517345102e+03
-3.566124150362786622e+03
-2.986976084574622291e+03
-2.732014131576754153e+03
-3.702150471148783254e+03
-2.778354869578973648e+03
-1.611903596577904636e+03
-1.904066843375876488e+03
-3.922226154709750062e+03
-2.335256406216349660e+03
-9.137841327617396701e+02
-1.393153006743492824e+03
-2.961295524568483415e+03
-3.417592435070950614e+03
-1.841486702602584955e+03
-2.646949001472044529e+03
-4.009563255990207381e+03
-7.612696120783202787e+02
-2.375114121239213091e+03
-1.668307666946690233e+02
-4.568623409527788795e+02
-3.746063542523472734e+02
-3.072562811922011861e+02
-1.985252647593964639e+03
-1.186280630547309784e+03
-5.240023361750876347e+02
-1.982009888413338331e+03
-7.480184101229081080e+02
-1.272090267444634947e+03
-4.777937700203608983e+03
-4.324282999186960296e+03
-2.617592317855181136e+03
-1.771992103878911280e+02
-2.388555878149562375e+02
-1.179342270552517903e+03
-8.586552793706439388e+02
-7.922066654378689918e+02
-3.707228820166398009e+02
-1.072467865204705504e+03
-5.110163260055846877e+02
-8.282118939440995291e+02
-1.255246067227450339e+03
-1.387736607660513755e+03
-2.763519591117747950e+03
-1.634221721655525698e+03
-3.935542424965305599e+03
-2.299712809991488484e+03
-4.049474452531799216e+03
-3.839208952460698129e+03
-1.732007604194226360e+03
-4.075727672948804866e+03
-1.778677178461689437e+03
-1.429000860286213594e+02
-1.717215934730659001e+03
-3.450448340847694908e+03
-4.721876077410340258e+03
-3.358594494098785617e+03
-3.858858592411559584e+03
-3.712339719969997986e+03
-1.463380759237768416e+03
-2.537853826869185013e+03
-2.836610330455263465e+03
-5.176541879685404638e+03
-5.478213644260871661e+03
-3.261917899767577637e+03
-4.314813352447628745e+02
-1.311672794210294342e+03
-6.916283317361256877e+01
-4.087281151158470948e+03
-9.697075975227255640e+02
-1.662546848829323380e+03
-1.828680745032921550e+03
-5.167426614731905829e+03
-7.352354485197032545e+02
-1.268752668148778326e+02
-1.835732456550330198e+03
-8.853594909403014412e+01
-4.958503840215434138e+03
-3.993300170431368770e+03
-7.485864554545325973e+02
-3.888346527634287213e+03
-2.910979983085340791e+03
-2.653799468341834199e+03
-3.914811500287824856e+03
-2.664602382071055672e+03
-2.207788939594290241e+03
-1.159044822425190659e+03
-2.245094932904637517e+03
-1.041675902413650647e+03
-1.304854885343511796e+03
-1.293275209866430487e+03
-2.392013061043441212e+03
-2.053700665259697871e+03
-2.676545754926421978e+03
-8.675423783117544190e+02
-4.366352254265839292e+03
-1.528716968524793629e+03
-4.225820113514571403e+02
-5.767400942110674578e+02
-4.794638817389800920e+02
-3.350383241550311482e+02
-1.182860558429984394e+03
-4.245177551920364749e+02
-1.337188401030869500e+03
-1.088821728781980710e+03
-3.229202958200454532e+02
-2.085875430801992934e+03
-9.142229684294969729e+02
-2.289549520387693519e+03
-1.353456229133213583e+03
-2.168592341449221749e+03
-1.750751683718201548e+03
-1.733871161057676318e+03
-2.800195185833911182e+03
-1.266808606405425508e+03
-1.574751126701800104e+03
-2.266581695232107904e+03
-1.515641681698013144e+03
-2.814242055625526518e+03
-2.677876187858810226e+03
-1.802868645166911847e+03
-1.860300245305050339e+03
-4.263385477538272994e+02
-2.810633743408022838e+03
-2.031808203194182852e+03
-1.945208997600470184e+03
-1.928466978423199635e+03
-6.925367845767893868e+02
-5.157398373923188046e+02
-1.325111966850269027e+03
-6.674669946820962423e+02
-3.018052573255814650e+02
-2.480263150224635410e+03
-7.404312651066950366e+02
-1.155679469028303629e+03
-1.349596730886710930e+03
-3.291432638354626306e+03
-4.141346212339172439e+02
-5.716262734664475147e+02
-3.101364806838775166e+03
-2.136741209870337116e+03
-2.093311312774892940e+03
-3.189935437619847107e+02
-1.792668624930885926e+03
-4.500141054988881478e+03
-1.540460079418751093e+03
-2.744823085667431315e+03
-1.607521145201554418e+03
-2.608307187036881260e+03
-7.883634187946050815e+02
-6.397928099562839634e+03
-1.092679490361656462e+03
-3.626138314233740402e+03
-3.578560543544521352e+03
-3.302294460607947713e+03
-1.936377193088215790e+03
-3.579639331535596739e+03
-2.477517557720099376e+03
-1.719018279760199448e+03
-1.206297724700474828e+04
-5.700866115090454514e+03
-8.624880926421899858e+03
-2.452162717623378285e+03
-8.298158672836266305e+02
-2.424524859972643753e+03
-2.106294865074807149e+03
-1.665309678855026732e+03
-2.906529580788669136e+03
-2.354572977991810149e+03
-3.581422659833703165e+03
-1.879820592169763586e+03
-3.991018423441018058e+03
-2.464556675897688365e+03
-5.766967592848902768e+02
-3.431102339706718340e+03
-4.264838758917485393e+03
-2.525733896081662351e+03
-4.659271185978860785e+02
-1.760092620294094331e+03
-3.609925628103512736e+02
-4.028680714943637042e+01
-1.129434391418459569e+02
-1.044769312035712971e+02
-7.263440197988998648e+01
-2.661400618217584793e+02
-1.104311383369666373e+03
-4.961699338427859402e+03
-4.430726771906967770e+03
-2.469013178446917209e+03
-5.511872848531158525e+03
-3.743393367773572209e+03
-5.223072249737200764e+03
-4.991621028515844046e+03
-2.903730250471022373e+03
-2.845459569434477089e+03
-2.656529606065729240e+03
-2.852954859950132231e+03
-1.214305934936466201e+03
-3.106617660523798804e+03
-6.602904536388845145e+02
-6.341465412458225046e+02
-2.249360721660031231e+03
-2.346911530156564254e+02
-2.775641464906837882e+03
-3.952904911228921719e+03
-2.961539727629105528e+03
-8.326644633039197174e+01
-1.749007553200713971e+02
-3.709322258524985045e+03
-3.352598136071281260e+03
-2.593991564359426775e+03
-2.052092606092119695e+03
-1.992444494352657216e+02
-3.923523257794454935e+02
-4.431524682498425136e+03
-3.037407709249710479e+03
-7.724297662713845966e+03
-5.891095529170225745e+03
-8.175534937631755383e+03
-2.546569396102522660e+03
-8.526717882597122298e+02
-6.671740074431699213e+03
-5.215898573581782330e+03
-2.979845155442028954e+03
-6.610213832581161114e+03
-4.637698190177939068e+03
-3.497024047544015048e+03
-1.622783999885452658e+03
-5.288795536771254774e+03
-3.710210385612899245e+03
-1.940950090561341995e+03
-2.527795898830393526e+03
-9.233697876397390019e+02
-3.943819576574976054e+03
-7.295228292346683929e+02
-2.387942612327888583e+03
-1.887522585332219705e+03
-1.985554999428163455e+03
-3.033885844924960566e+03
-6.709030111075055629e+02
-2.566879963815990777e+02
-3.102858506348200535e+03
-8.438000695544084010e+03
-7.120342178578005132e+02
-3.438245198352033640e+03
-3.479771955061239169e+03
-1.562778295552570398e+03
-6.190445081693050042e+02
-4.167781252014868301e+02
-2.388051560763817633e+03
-6.516389604792711907e+02
-1.079468472990376313e+03
-1.290842781771701084e+03
-9.547001105242268295e+02
-1.295952387766652691e+03
-7.774849267208650190e+02
-3.043406250763394382e+03
-2.542489897268354525e+03
-2.508823944600396771e+03
-1.992215693180395419e+03
-1.215232793875999050e+03
-1.427056614083826844e+03
-2.159143689069462653e+03
-4.136720864605121619e+02
-1.575353003277427888e+03
-1.827563129703549691e+02
-9.937788051377677903e+02
-1.698394458673121107e+03
-7.419848135745527543e+03
-1.283319287079662217e+03
-5.027437021156816854e+02
-6.423969789533612129e+02
-1.871884089305979160e+03
-4.586751130942062105e+02
-7.380357943920898833e+02
-1.782900835525934781e+03
-1.738288015989865471e+03
-2.284079813274319804e+03
-1.466793228888833482e+03
-9.290959393026668067e+02
-1.823296231918140165e+03
-3.378382520200717863e+03
-4.304407586540861303e+03
-3.216678309518219521e+03
-3.340571971492164266e+03
-3.049109903787125859e+03
-1.326263698310101745e+03
-4.019571401754343697e+03
-2.825631524901783905e+03
-9.714004799869826456e+03
-3.637696827064769423e+03
-1.867617518758884898e+03
-2.493665420989620088e+03
-2.171986845658853781e+03
-4.062581666348249655e+03
-4.125358715035419664e+03
-8.156645309043427687e+02
-2.264864619560489245e+03
-1.873850795504740518e+03
-2.685993320993173711e+03
-3.118253647760279364e+03
-3.365672620978794498e+02
-3.410578711198485053e+03
-1.660501443576064503e+03
-1.014738770788352667e+03
-9.428274384955280993e+02
-3.908928932036876176e+03
-2.102101372338683632e+03
-2.679373533566829337e+03
-2.996589565594888882e+03
-2.481462998718119707e+03
-2.259115184299046632e+03
-2.382829892756701156e+03
-2.058012840531514030e+03
-1.590730533894177370e+03
-4.699093420416965273e+03
-3.467286942769262168e+03
-5.434703204728287346e+03
-2.514541101952733243e+03
-3.296034707237400653e+03
-1.226457064870097838e+03
-2.362254046098895287e+03
-3.296854534519622575e+03
-2.393114822465030556e+03
-2.072612328974008960e+03
-2.336050337391315679e+03
-2.518063967519691687e+03
-3.508119865578514691e+03
-1.784874653296051974e+03
-3.377328169187577259e+03
-1.635220625144882206e+03
-2.632855460982845216e+03
-4.494544739767084138e+03
-5.054044154252319458e+03
-5.590041498867420842e+02
-5.302945604930089303e+02
-2.432589734545622377e+03
-1.770526386943211946e+03
-8.619886356103039589e+02
-1.868875377476774929e+03
-1.672114878470224539e+03
-4.581530825226897832e+03
-3.066324761217801097e+03
-2.316921433710465408e+03
-4.395973519983344886e+03
-1.621595379133712868e+03
-2.935353591773142398e+03
-2.197487247591308915e+03
-4.006547251407991553e+03
-2.668094931000982797e+02
-2.296493609360170467e+03
-2.042316290740362547e+03
-1.533228370163919863e+03
-1.889742853956245199e+03
-2.800031906870453895e+03
-1.242694482141577510e+03
-1.218289425865986004e+03
-2.912222298331942966e+03
-3.023486251679250017e+03
-3.469632750899441362e+03
-1.566940852501711333e+03
-1.599935548496370302e+03
-6.714082115595587311e+03
-2.123200003602067227e+03
-1.719785795652946945e+03
-8.031665847170013421e+02
-2.794685138711384411e+02
-2.957404443545804043e+03
-8.391412563526278063e+02
-2.935493635924802902e+02
-9.557898895554893670e+02
-1.935219118458822095e+03
-8.180992379093280533e+02
-1.362319985616178428e+03
-1.238298309709794694e+03
-2.365939452858659479e+03
-7.693511354867373484e+02
-1.913717457818678440e+03
-1.195317203444918050e+03
-2.545444140963751124e+03
-1.231617518415622362e+04
-8.117449734639517374e+03
-1.386866804993865117e+03
-6.146901714516016909e+03
-1.605288304484233322e+03
-4.841897949207130125e+01
-1.824891151891134314e+03
-4.997799038765331716e+03
-4.465651663739000469e+03
-1.463138822877901703e+03
-2.099904838983333320e+03
-2.119306660998238840e+03
-3.475243804271231966e+03
-9.119068638031019418e+02
-4.231508622853449197e+03
-2.522283673118141905e+03
-5.372305963355935091e+03
-2.215526783170207636e+03
-3.038962974727041001e+03
-3.689440577157572079e+03
-7.445043858481344614e+02
-8.490917943899215743e+02
-3.905449209870569575e+03
-1.658717656628776695e+03
-1.723587537872885491e+02
-1.676662502267840864e+03
-3.933795818370429629e+02
-2.313833377997424066e+02
-1.955113745021374427e+02
-3.116673972931066146e+03
-1.319578005870170955e+03
-1.872079700872698140e+03
-1.958569756512791173e+03
-2.668246170136848377e+03
-4.059217437008554043e+03
-1.277076999329951377e+03
-2.111257043238581446e+03
-2.590375073823623552e+03
-2.922452406743436768e+03
-1.982858357066204917e+03
-1.003763489701780031e+03
-2.083980186214453624e+03
-2.267570319281538559e+03
-3.959250562465868825e+03
-2.674739098313639261e+03
-6.500072470726066740e+02
-1.673166901695606157e+03
-2.333110497864782701e+03
-9.838840515158805147e+02
-5.657797697088582936e+03
-9.592344765662163582e+02
-7.479695485697870026e+03
-2.511527460893843909e+03
-1.580321175031329858e+03
-4.439089993931753270e+03
-4.994073364398179365e+03
-4.419570067605804070e+03
-1.931768655497383861e+03
-1.001576562136033772e+03
-1.359170705107856065e+03
-4.218251940704692061e+03
-1.716832833370298658e+03
-5.594009259880247100e+02
-1.760127243472818009e+03
-3.840483802392189432e+02
-1.897483377397103368e+03
-4.208316981009687652e+02
-4.310329611737611799e+02
-2.520289179843012334e+03
-2.441378762939538774e+03
-5.058926117654179507e+03
-1.148288276140035578e+03
-8.760756128307291419e+02
-1.803141242334937715e+03
-1.411309409480463955e+03
-2.025163868852595442e+03
-4.926005205118244135e+02
-1.374655239061318980e+03
-1.988494859874800795e+03
-6.819312968088764819e+02
-6.972297296333370014e+02
-7.660676705518743574e+02
-9.655874122761093759e+02
-8.615882341597007326e+02
-2.451959873339437763e+03
-6.790798833497226497e+02
-8.882864315165197695e+02
-8.206134607006563328e+02
-6.584641380239066848e+02
-2.000693591273593938e+03
-2.645891278925370443e+03
-1.475645092825525899e+04
-5.255625368257852870e+02
-1.578390054905227316e+03
-1.311191725970685184e+03
-1.012488173580887997e+04
-1.347993758856564455e+03
-1.542893820299156459e+03
-1.969138150708716921e+03
-5.583510998440954609e+03
-1.621192049525100174e+03
-3.217386656100819891e+03
-9.064705600689747371e+03
-3.494857088190518880e+03
-2.743835786447139071e+03
-3.777374879968819187e+03
-2.938978616760412024e+03
-4.185852815655540326e+03
-4.253805435697785470e+03
-3.150023780976867783e+03
-7.970656493732938543e+03
-9.690561075283787432e+03
-2.539178821769090519e+03
-7.977045599053604747e+03
-7.104298109621290678e+03
-3.188679438229077732e+03
-2.719755889073475146e+02
-4.515644277826779216e+03
-5.867964674260744687e+03
-1.045940528487464144e+04
-1.176627662765426066e+04
-8.645466125637180085e+03
-8.603947837236748455e+03
-9.846607871752819847e+03
-8.952430783106832678e+03
-9.782640758452214868e+03
-8.958887750166173646e+03
-8.870197439624955223e+03
-8.024639705405858876e+03
-5.042470703072663127e+03
-4.504487886469660225e+03
-4.843277302756401696e+03
-6.568284100549096365e+03
-5.367200152278456699e+03
-2.847748080762938116e+03
-1.463895388339995179e+03
-1.081330059171209086e+03
-5.103854827582814551e+02
-1.594662864809232588e+02
-8.899026633186219897e+02
-3.503878557505478966e+03
-4.703903626640495190e+02
-1.700527645213454662e+03
-5.937594393172257696e+02
-3.177586245782239075e+03
-2.666593195373044409e+02
-2.907545781540322878e+03
-3.775866508794859328e+03
-2.641021369289977883e+03
-2.501409503851233239e+03
-2.016226282951357234e+03
-1.420088609104265970e+03
-5.793959533795251673e+02
-1.840427431303946605e+03
-2.937980757158193228e+03
-1.704391322177601978e+03
-1.403459823403739620e+03
-2.101222211921078724e+03
-1.167881821316203059e+03
-2.163215822837020823e+03
-4.139432067566884257e+02
-3.099150541775479724e+03
-9.893768832177959212e+02
-1.239389304197746014e+03
-3.619347022447500422e+03
-1.154015261619560988e+03
-3.762226871366834075e+03
-2.731989812412948140e+03
-1.560539037217252769e+02
-1.863019908840990411e+03
-1.135257123628646951e+02
-3.576176407527290849e+03
-1.115580599480560750e+03
-8.273389089198622059e+02
-2.927231460785333894e+01
-1.540066921412699230e+03
-2.467589887986198846e+03
-1.223851108781700759e+03
-3.269262314928475007e+03
-3.037746812466178199e+03
-3.224188485895183931e+03
-5.620372928868159761e+03
-3.804830921643453166e+03
-3.641229760592608272e+03
-4.231701141541346260e+03
-4.274690487913950165e+03
-3.425433301612197738e+03
-3.299916400641835480e+03
-4.687120147406527394e+03
-5.294940575985409851e+03
-3.775648650235595142e+03
-3.133988705107460191e+03
-4.520809445785172102e+03
-1.714076949987269700e+03
-3.738582137504239654e+03
-4.255731003500991392e+03
-1.955651487531914086e+02
-6.870106701292146454e+02
-2.405026861794174692e+03
-7.556977895508109100e+01
-5.469495048604976546e+03
-2.558077404522348957e+02
-2.324846362331399519e+02
-1.254780125721983950e+03
-3.798933314264619980e+02
-2.278044067877851376e+03
-1.851614729950315677e+03
-1.902460800004340399e+03
-4.904215218989866116e+03
-1.126831862441900284e+03
-1.046395951029812022e+04
-7.503628794500187382e+01
-2.154514011788933487e+02
-1.014307313944098155e+03
-1.375417168310063062e+03
-3.487801881759612002e+02
-1.233314992377343515e+03
-2.608325721375134435e+03
-3.700899015597271955e+03
-1.656341521278771324e+03
-2.935904150497534374e+03
-3.596209588058329700e+03
-1.049322098287189647e+03
-2.470158579317782824e+03
-3.368905386024300697e+03
-2.998826103886500277e+03
-3.889889266521351601e+03
-2.705962291528162496e+03
-4.026941826235802182e+03
-3.083927810472393503e+03
-2.770496558159121832e+03
-2.464624189925719293e+03
-1.189301065585289336e+02
-6.772929488914662215e+03
-2.590013351188454180e+03
-2.182849807501138912e+03
-7.949606984846387832e+02
-2.305569552673684484e+03
-4.786577806940758819e+02
-2.719620992916748037e+03
-2.814481179442832399e+03
-2.588749295322323633e+03
-2.646511688206262534e+03
-1.642046169104927230e+03
-6.654349001602669205e+02
-3.986105911344739070e+03
-1.429621101653664937e+03
-1.163275704535659543e+03
-1.570351484258502524e+03
-1.129342569854508838e+03
-2.540251833511279528e+03
-2.742811673756502842e+03
-1.385703677780125247e+02
-3.130346462219416026e+03
-4.866349094771628643e+02
-1.604613880596082254e+03
-3.760680995679443299e+02
-9.125484065667199047e+02
-2.794622842890389620e+03
-3.435020654049607856e+03
-1.998485210855607875e+03
-1.104041861862362566e+03
-2.711323878563008805e+01
-7.252866335347782467e+01
-1.650162928909634957e+03
-4.438510332167878005e+03
-9.206014213063540410e+02
-8.965531749507526911e+02
-3.263968777939795473e+03
-3.229327806904972931e+03
-1.771247901995920984e+03
-2.348111230498772784e+03
-1.839902490729767578e+03
-1.971323576107679173e+03
-1.902837992664679859e+03
-4.829330303579836254e+03
-1.575568702359870031e+03
-9.711562583714348875e+02
-6.409159437488261574e+03
-9.589014858350989243e+02
-2.292740550052889375e+03
-9.777247579660906922e+02
-3.029620836915431141e+02
-3.990164422827122621e+02
-9.006697779519691949e+02
-3.224913204101859264e+03
-3.562289989201926801e+03
-1.708825313469311823e+03
-8.198871039214652683e+02
-1.509244536432188113e+02
-2.657101475552543093e+02
-5.495500705775943970e+02
-6.472981313069439011e+02
-1.628006721944956553e+03
-8.717780971625852544e+02
-3.031036076117914490e+03
-1.514122478032672234e+03
-3.203658830886732176e+03
-9.928321338302650929e+02
-1.795058885102945624e+03
-2.548432332844638495e+03
-1.708135694747383013e+03
-2.126991443377896303e+03
-4.482694080319088243e+03
-7.486047877507746762e+01
-2.449307018219070414e+03
-3.153898762817405895e+03
-3.316365271506291265e+03
-2.052057670131528539e+03
-1.875329676452784952e+03
-4.145369830423185704e+03
-2.727651850877151446e+03
-2.116542523232232270e+03
-3.241097604903332012e+03
-6.875827924106118189e+03
-4.649801161974949537e+03
-3.282306959426229696e+03
-1.977885423834257381e+03
-3.636570779641484933e+03
